1.522136935830519	0.0402075973256309
1.5222304102186195	0.029114259082382996
1.5223238960879446	0.03505218702171486
1.5224173934406093	0.03354468981231084
1.52251090227873	0.0018066951288277177
1.5226044226044226	0.12277471547428624
1.5226979544198047	0.022060092751355016
1.5227914977269936	0.019678017008250958
1.5228850525281072	0.006260141083326621
1.5229786188252643	0.021266067503653667
1.5230721966205838	0.04031116583620065
1.5231657859161853	0.027376609627268438
1.5232593867141893	0.006754968411604276
1.5233529990167158	0.004430430729927846
1.5234466228258867	0.006685922737891114
1.523540258143823	0.0
1.5236339049726475	0.029240842817523788
1.5237275633144827	0.023671158471328786
1.5238212331714516	0.021588280647648412
1.5239149145456783	0.008412064580720142
1.524008607439287	0.05058746360717614
1.5241023118544024	0.01861931667798248
1.5241960277931503	0.012382190819226913
1.524289755257656	0.04719271798294572
1.5243834942500463	0.012497266942082185
1.5244772447724477	0.02130059034051025
1.5245710068269882	0.058009873531340975
1.5246647804157956	0.03895326758650848
1.5247585655409979	0.024637797903313042
1.5248523622047245	0.029942807166940928
1.524946170409105	0.008354526519292511
1.5250399901562692	0.11195755992589097
1.525133821448348	0.07018492732942842
1.5252276642874725	0.030805878088355443
1.525321518675774	0.1434884175882346
1.5254153846153846	0.007284318576738511
1.5255092621084374	0.025615944947582823
1.5256031511570656	0.020172844336528613
1.5256970517634025	0.0754439061439142
1.5257909639295828	0.023061255020195858
1.5258848876577409	0.019747062681964116
1.5259788229500124	0.040621871367909866
1.526072769808533	0.023763219369612995
1.526166728235439	0.01263535828950851
1.5262606982328677	0.0313467358657752
1.5263546798029557	0.13589339347978688
1.5264486729478417	0.020518072705094422
1.526542677669664	0.03461489775486484
1.5266366939705611	0.004557014465068641
1.5267307218526733	0.021530742586220786
1.5268247613181398	0.016317794220877112
1.526918812369102	0.04743437784094179
1.5270128750077006	0.024580259841885405
1.527106949236077	0.0034177608488014824
1.5272010350563738	0.016352317057733688
1.5272951324707333	0.038987790423365046
1.5273892414812988	0.01790584471627982
1.5274833620902146	0.013901195640916462
1.527577494299624	0.06145064960471352
1.5276716381116728	0.0805417783864026
1.5277657935285056	0.02605323421443284
1.5278599605522682	0.07114005914912715
1.5279541391851077	0.041669064085892805
1.5280483294291702	0.018285595921702202
1.528142531286604	0.049885499257759
1.5282367447595562	0.04074845510305066
1.5283309698501757	0.014660698051761237
1.5284252065606119	0.02378623459418405
1.5285194548930137	0.10781481950310129
1.5286137148495316	0.09837857742896926
1.5287079864323159	0.050863646302028796
1.528802269643518	0.11149725543446991
1.5288965644852897	0.07478797224363917
1.528990870959783	0.10723943888882496
1.5290851890691508	0.14176227574540556
1.5291795188155461	0.13946075328830018
1.5292738602011229	0.10137055662320625
1.5293682132280357	0.14544471167677417
1.529462577898439	0.14452410269393204
1.5295569542144887	0.14694070127389267
1.5296513421783402	0.1807730813933417
1.52974574179215	0.1966535863473688
1.5298401530580759	0.22519246481547542
1.5299345759782743	0.32024534229392737
1.5300290105549041	0.1667337944049989
1.5301234567901236	0.2971150416000184
1.5302179146860917	0.3268046812966778
1.5303123842449686	0.33785198909078357
1.530406865468914	0.3238127021024408
1.530501358360089	0.38929101600708865
1.5305958629206546	0.35914107181900823
1.5306903791527726	0.39055685335849666
1.5307849070586057	0.4919389175939884
1.5308794466403162	0.41426253466668195
1.530973997900068	0.581237988929677
1.5310685608400247	0.5428025638960172
1.531163135462351	0.6392363548487324
1.5312577217692118	0.8006881552146745
1.5313523197627728	0.8081681032002669
1.5314469294451998	0.824508912645715
1.5315415508186594	0.8372823622826499
1.531636183885319	0.8819318979504942
1.531730828647346	1.0
1.531825485106909	0.8935545863588764
1.5319201532661766	0.8833128114247575
1.5320148331273178	0.9655922392662746
1.5321095246925027	0.8455678431282293
1.5322042279639017	0.8067871897260037
1.5322989429436855	0.7596059793553435
1.532393669634026	0.638200669743035
1.5324884080370944	0.5204777960620951
1.5325831581550637	0.4863001875740803
1.532677919990107	0.42542491858364306
1.5327726935443977	0.35189127607912635
1.5328674788201102	0.3526968089391132
1.5329622758194188	0.31564229737971666
1.5330570845444988	0.24832276550938445
1.5331519049975262	0.23716038159242336
1.5332467371806768	0.2293352052382651
1.533341581096128	0.17179714381063074
1.5334364367460565	0.1232350199657073
1.5335313041326404	0.24279911161233156
1.5336261832580587	0.14843669087101116
1.5337210741244895	0.071726947375689
1.5338159767341133	0.0685968768340257
1.533910891089109	0.056318254525368525
1.534005817191658	0.0814854025938158
1.5341007550439412	0.1074695911345355
1.5341957046481403	0.1720272960563413
1.5342906660064375	0.07702044902703138
1.5343856391210153	0.0894026398462583
1.5344806239940572	0.07002382075743104
1.5345756206277472	0.06524816165893739
1.5346706290242695	0.0989539580432456
1.534765649185809	0.1044776119402985
1.534860681114551	0.05512146284767373
1.534955724812682	0.08270520949608166
1.535050780282388	0.09550167435758755
1.5351458475258564	0.06624932392777821
1.5352409265452747	0.08986294433767938
1.5353360173428308	0.058458670410476525
1.5354311199207136	0.07577762690019448
1.5355262342811127	0.21115317782713267
1.5356213604262174	0.09757304456898239
1.5357164983582183	0.08614598556945419
1.5358116480793063	0.08549005166917917
1.5359068095916724	0.09803334906040345
1.536001982897509	0.1406115145168529
1.5360971679990085	0.1265722275285101
1.5361923648983642	0.08384446311234882
1.536287573597769	0.15994430315653804
1.5363827940994175	0.14003613390257655
1.5364780264055045	0.16926546910781481
1.5365732705182247	0.1854912024304077
1.5366685264397746	0.19872495655876363
1.5367637941723498	0.15396034476806406
1.5368590737181476	0.11506461524298323
1.5369543650793653	0.1597141509108275
1.5370496682582007	0.15545633436518258
1.5371449832568524	0.10942588522307507
1.5372403100775196	0.1316355769341419
1.5373356487224015	0.14463917881678728
1.5374309991936985	0.15154374618810343
1.5375263614936112	0.07509867777534839
1.5376217356243411	0.14832161474815592
1.5377171215880894	0.09032324882910045
1.5378125193870589	0.09757304456898239
1.5379079290234523	0.13221095754841827
1.5380033504994726	0.11966766015719398
1.5380987838173246	0.15729755233086687
1.538194228979212	0.11437415850585163
1.5382896859873403	0.0822564126169461
1.538385154843915	0.14049643839399764
1.538480635551142	0.1277229887570628
1.5385761281112285	0.11886212729720709
1.5386716325263812	0.11725106157723335
1.5387671487988082	0.14130197125398453
1.5388626769307179	0.08586980287460155
1.5389582169243188	0.06387875579695969
1.5390537687818207	0.1287586738627602
1.5391493325054333	0.10562837316885118
1.5392449080973671	0.0746728961207839
1.5393404955598338	0.06050702539730032
1.539436094895044	0.05464965074396714
1.539531706105211	0.08107112855153684
1.5396273291925466	0.0607141624184398
1.5397229641592647	0.07148528751769297
1.5398186110075787	0.07317690652366542
1.539914269739703	0.07407450028193649
1.540009940357853	0.0634990045915373
1.5401056228642436	0.05639880781136721
1.540201317261091	0.04094408451190462
1.5402970235506122	0.048723230416920796
1.5403927417350236	0.06055305584644242
1.5404884718165437	0.038435425033659765
1.5405842137973897	0.06667510558234273
1.5406799676797813	0.06101336033786349
1.5407757334659375	0.1063188299059828
1.540871511158078	0.07189956155997193
1.5409673007584237	0.13152050081128666
1.541063102269195	0.05500638672481846
